{
 "cells": [
  {
   "cell_type": "code",
   "execution_count": 1,
   "metadata": {},
   "outputs": [],
   "source": [
    "import pandas as pd\n",
    "from functools import reduce\n",
    "import numpy as np"
   ]
  },
  {
   "cell_type": "code",
   "execution_count": 2,
   "metadata": {},
   "outputs": [],
   "source": [
    "s_raw = \"\"\"marathon: Big_Jim 2nd_astronaut RidewiththeFlow nobbixl südpfälzer deflo All_mtn Spoon-man mogg AndySch dino113\n",
    "xc: Dirty_Track Big_Jim Edith_L. A-Abraxas 2nd_astronaut RidewiththeFlow nobbixl südpfälzer deflo Diddo DeluXer Mr.Hahn rhnordpool All_mtn Tony- PanicMen Spoon-man mogg Mountain_4Life AndySch Schoenpflug stummerwinter Schnerrget Anferd Rubin HazelNoos dino113 Ritzelabzieher Daleo\n",
    "gravel: MikeyBaloooooza A-Abraxas RidewiththeFlow südpfälzer discordius jalgrattad Bene2405 Tony- TiCiLA AndySch stummerwinter shibboleth dino113 Daleo\n",
    "enduro: Suicide loeffel MikeyBaloooooza mad_raven Duefi cxfahrer mäxx__ Walkerk Tortomat EagleEye Drahtacus Preme Ghostrider72 x_FreiRider_x Lambutz DeluXer Mr.Hahn boescha All_mtn Bene2405 pointidani ElDiabolo666 Tony- ChaosSpeed31 Schoenpflug luisuet1 Schnerrget Anferd shibboleth nanananaMADMAN k0p3 SwishSwushPow bikerniki\n",
    "gravity: loeffel MikeyBaloooooza mad_raven mäxx__ EagleEye Votec_Tox Drahtacus x_FreiRider_x Lambutz Zask06 Bene2405 ChaosSpeed31 k0p3 SwishSwushPow\n",
    "dirt: MikeyBaloooooza mad_raven mäxx__ nanananaMADMAN\n",
    "big_air: Zask06\n",
    "street: MikeyBaloooooza mad_raven mäxx__ südpfälzer Mr.Hahn Rubin HazelNoos\n",
    "rennrad: MikeyBaloooooza Edith_L. A-Abraxas EagleEye südpfälzer discordius boescha AndySch Schoenpflug Rubin HazelNoos\n",
    "bmx: Bene2405\n",
    "rolle: MikeyBaloooooza Edith_L. discordius Schoenpflug\"\"\""
   ]
  },
  {
   "cell_type": "code",
   "execution_count": 3,
   "metadata": {},
   "outputs": [],
   "source": [
    "s_arr = s_raw.lower().split('\\n')\n",
    "s_keys = list(map(lambda x: x.split(': ')[0], s_arr))\n",
    "s_val = list(map(lambda x: list(filter(bool, x.split(': ')[1].split(\" \"))), s_arr))"
   ]
  },
  {
   "cell_type": "code",
   "execution_count": 4,
   "metadata": {},
   "outputs": [],
   "source": [
    "lens = list(map(len, s_val))\n",
    "N = len(lens)\n",
    "unq, col = np.unique(np.concatenate(s_val),return_inverse=1)\n",
    "row = np.repeat(np.arange(N), lens)"
   ]
  },
  {
   "cell_type": "code",
   "execution_count": 5,
   "metadata": {},
   "outputs": [],
   "source": [
    "out = np.zeros((N,len(unq)),dtype=int)\n",
    "out[row,col] = 1"
   ]
  },
  {
   "cell_type": "code",
   "execution_count": 6,
   "metadata": {},
   "outputs": [],
   "source": [
    "df = pd.DataFrame(out, columns=unq, index=s_keys).transpose()"
   ]
  },
  {
   "cell_type": "code",
   "execution_count": 7,
   "metadata": {},
   "outputs": [
    {
     "data": {
      "text/html": [
       "<div>\n",
       "<style scoped>\n",
       "    .dataframe tbody tr th:only-of-type {\n",
       "        vertical-align: middle;\n",
       "    }\n",
       "\n",
       "    .dataframe tbody tr th {\n",
       "        vertical-align: top;\n",
       "    }\n",
       "\n",
       "    .dataframe thead th {\n",
       "        text-align: right;\n",
       "    }\n",
       "</style>\n",
       "<table border=\"1\" class=\"dataframe\">\n",
       "  <thead>\n",
       "    <tr style=\"text-align: right;\">\n",
       "      <th></th>\n",
       "      <th>marathon</th>\n",
       "      <th>xc</th>\n",
       "      <th>gravel</th>\n",
       "      <th>enduro</th>\n",
       "      <th>gravity</th>\n",
       "      <th>dirt</th>\n",
       "      <th>big_air</th>\n",
       "      <th>street</th>\n",
       "      <th>rennrad</th>\n",
       "      <th>bmx</th>\n",
       "      <th>rolle</th>\n",
       "    </tr>\n",
       "  </thead>\n",
       "  <tbody>\n",
       "    <tr>\n",
       "      <th>marathon</th>\n",
       "      <td>1.000000</td>\n",
       "      <td>0.489869</td>\n",
       "      <td>0.145969</td>\n",
       "      <td>-0.437229</td>\n",
       "      <td>-0.261387</td>\n",
       "      <td>-0.126629</td>\n",
       "      <td>-0.061684</td>\n",
       "      <td>-0.038016</td>\n",
       "      <td>-0.001855</td>\n",
       "      <td>-0.061684</td>\n",
       "      <td>-0.126629</td>\n",
       "    </tr>\n",
       "    <tr>\n",
       "      <th>xc</th>\n",
       "      <td>0.489869</td>\n",
       "      <td>1.000000</td>\n",
       "      <td>0.097254</td>\n",
       "      <td>-0.600006</td>\n",
       "      <td>-0.533585</td>\n",
       "      <td>-0.258496</td>\n",
       "      <td>-0.125919</td>\n",
       "      <td>0.064067</td>\n",
       "      <td>0.145093</td>\n",
       "      <td>-0.125919</td>\n",
       "      <td>0.008914</td>\n",
       "    </tr>\n",
       "    <tr>\n",
       "      <th>gravel</th>\n",
       "      <td>0.145969</td>\n",
       "      <td>0.097254</td>\n",
       "      <td>1.000000</td>\n",
       "      <td>-0.293070</td>\n",
       "      <td>-0.118012</td>\n",
       "      <td>0.010532</td>\n",
       "      <td>-0.071822</td>\n",
       "      <td>0.045008</td>\n",
       "      <td>0.247808</td>\n",
       "      <td>0.235987</td>\n",
       "      <td>0.168505</td>\n",
       "    </tr>\n",
       "    <tr>\n",
       "      <th>enduro</th>\n",
       "      <td>-0.437229</td>\n",
       "      <td>-0.600006</td>\n",
       "      <td>-0.293070</td>\n",
       "      <td>1.000000</td>\n",
       "      <td>0.340595</td>\n",
       "      <td>0.241747</td>\n",
       "      <td>-0.143929</td>\n",
       "      <td>0.015654</td>\n",
       "      <td>-0.177489</td>\n",
       "      <td>0.117760</td>\n",
       "      <td>-0.026861</td>\n",
       "    </tr>\n",
       "    <tr>\n",
       "      <th>gravity</th>\n",
       "      <td>-0.261387</td>\n",
       "      <td>-0.533585</td>\n",
       "      <td>-0.118012</td>\n",
       "      <td>0.340595</td>\n",
       "      <td>1.000000</td>\n",
       "      <td>0.326479</td>\n",
       "      <td>0.235987</td>\n",
       "      <td>0.167758</td>\n",
       "      <td>-0.057709</td>\n",
       "      <td>0.235987</td>\n",
       "      <td>0.010532</td>\n",
       "    </tr>\n",
       "    <tr>\n",
       "      <th>dirt</th>\n",
       "      <td>-0.126629</td>\n",
       "      <td>-0.258496</td>\n",
       "      <td>0.010532</td>\n",
       "      <td>0.241747</td>\n",
       "      <td>0.326479</td>\n",
       "      <td>1.000000</td>\n",
       "      <td>-0.034794</td>\n",
       "      <td>0.527269</td>\n",
       "      <td>0.046047</td>\n",
       "      <td>-0.034794</td>\n",
       "      <td>0.196429</td>\n",
       "    </tr>\n",
       "    <tr>\n",
       "      <th>big_air</th>\n",
       "      <td>-0.061684</td>\n",
       "      <td>-0.125919</td>\n",
       "      <td>-0.071822</td>\n",
       "      <td>-0.143929</td>\n",
       "      <td>0.235987</td>\n",
       "      <td>-0.034794</td>\n",
       "      <td>1.000000</td>\n",
       "      <td>-0.047314</td>\n",
       "      <td>-0.061684</td>\n",
       "      <td>-0.016949</td>\n",
       "      <td>-0.034794</td>\n",
       "    </tr>\n",
       "    <tr>\n",
       "      <th>street</th>\n",
       "      <td>-0.038016</td>\n",
       "      <td>0.064067</td>\n",
       "      <td>0.045008</td>\n",
       "      <td>0.015654</td>\n",
       "      <td>0.167758</td>\n",
       "      <td>0.527269</td>\n",
       "      <td>-0.047314</td>\n",
       "      <td>1.000000</td>\n",
       "      <td>0.364507</td>\n",
       "      <td>-0.047314</td>\n",
       "      <td>0.111004</td>\n",
       "    </tr>\n",
       "    <tr>\n",
       "      <th>rennrad</th>\n",
       "      <td>-0.001855</td>\n",
       "      <td>0.145093</td>\n",
       "      <td>0.247808</td>\n",
       "      <td>-0.177489</td>\n",
       "      <td>-0.057709</td>\n",
       "      <td>0.046047</td>\n",
       "      <td>-0.061684</td>\n",
       "      <td>0.364507</td>\n",
       "      <td>1.000000</td>\n",
       "      <td>-0.061684</td>\n",
       "      <td>0.564076</td>\n",
       "    </tr>\n",
       "    <tr>\n",
       "      <th>bmx</th>\n",
       "      <td>-0.061684</td>\n",
       "      <td>-0.125919</td>\n",
       "      <td>0.235987</td>\n",
       "      <td>0.117760</td>\n",
       "      <td>0.235987</td>\n",
       "      <td>-0.034794</td>\n",
       "      <td>-0.016949</td>\n",
       "      <td>-0.047314</td>\n",
       "      <td>-0.061684</td>\n",
       "      <td>1.000000</td>\n",
       "      <td>-0.034794</td>\n",
       "    </tr>\n",
       "    <tr>\n",
       "      <th>rolle</th>\n",
       "      <td>-0.126629</td>\n",
       "      <td>0.008914</td>\n",
       "      <td>0.168505</td>\n",
       "      <td>-0.026861</td>\n",
       "      <td>0.010532</td>\n",
       "      <td>0.196429</td>\n",
       "      <td>-0.034794</td>\n",
       "      <td>0.111004</td>\n",
       "      <td>0.564076</td>\n",
       "      <td>-0.034794</td>\n",
       "      <td>1.000000</td>\n",
       "    </tr>\n",
       "  </tbody>\n",
       "</table>\n",
       "</div>"
      ],
      "text/plain": [
       "          marathon        xc    gravel    enduro   gravity      dirt  \\\n",
       "marathon  1.000000  0.489869  0.145969 -0.437229 -0.261387 -0.126629   \n",
       "xc        0.489869  1.000000  0.097254 -0.600006 -0.533585 -0.258496   \n",
       "gravel    0.145969  0.097254  1.000000 -0.293070 -0.118012  0.010532   \n",
       "enduro   -0.437229 -0.600006 -0.293070  1.000000  0.340595  0.241747   \n",
       "gravity  -0.261387 -0.533585 -0.118012  0.340595  1.000000  0.326479   \n",
       "dirt     -0.126629 -0.258496  0.010532  0.241747  0.326479  1.000000   \n",
       "big_air  -0.061684 -0.125919 -0.071822 -0.143929  0.235987 -0.034794   \n",
       "street   -0.038016  0.064067  0.045008  0.015654  0.167758  0.527269   \n",
       "rennrad  -0.001855  0.145093  0.247808 -0.177489 -0.057709  0.046047   \n",
       "bmx      -0.061684 -0.125919  0.235987  0.117760  0.235987 -0.034794   \n",
       "rolle    -0.126629  0.008914  0.168505 -0.026861  0.010532  0.196429   \n",
       "\n",
       "           big_air    street   rennrad       bmx     rolle  \n",
       "marathon -0.061684 -0.038016 -0.001855 -0.061684 -0.126629  \n",
       "xc       -0.125919  0.064067  0.145093 -0.125919  0.008914  \n",
       "gravel   -0.071822  0.045008  0.247808  0.235987  0.168505  \n",
       "enduro   -0.143929  0.015654 -0.177489  0.117760 -0.026861  \n",
       "gravity   0.235987  0.167758 -0.057709  0.235987  0.010532  \n",
       "dirt     -0.034794  0.527269  0.046047 -0.034794  0.196429  \n",
       "big_air   1.000000 -0.047314 -0.061684 -0.016949 -0.034794  \n",
       "street   -0.047314  1.000000  0.364507 -0.047314  0.111004  \n",
       "rennrad  -0.061684  0.364507  1.000000 -0.061684  0.564076  \n",
       "bmx      -0.016949 -0.047314 -0.061684  1.000000 -0.034794  \n",
       "rolle    -0.034794  0.111004  0.564076 -0.034794  1.000000  "
      ]
     },
     "execution_count": 7,
     "metadata": {},
     "output_type": "execute_result"
    }
   ],
   "source": [
    "df.corr()"
   ]
  },
  {
   "cell_type": "code",
   "execution_count": 8,
   "metadata": {},
   "outputs": [],
   "source": [
    "def cond_prob(df, col_idx):\n",
    "    col = df.iloc[:, col_idx]\n",
    "    col_total = col.sum()\n",
    "    cond_values = df.transpose().mul(col.values).transpose().sum()\n",
    "    probs = cond_values / col_total\n",
    "    return probs"
   ]
  },
  {
   "cell_type": "code",
   "execution_count": 9,
   "metadata": {},
   "outputs": [],
   "source": [
    "cols = df.shape[1]"
   ]
  },
  {
   "cell_type": "code",
   "execution_count": 10,
   "metadata": {},
   "outputs": [],
   "source": [
    "cond_probs = pd.DataFrame([cond_prob(df, idx) for idx in range(cols)], columns=df.transpose().index, index=df.transpose().index)"
   ]
  },
  {
   "cell_type": "code",
   "execution_count": 11,
   "metadata": {},
   "outputs": [
    {
     "data": {
      "text/html": [
       "<div>\n",
       "<style scoped>\n",
       "    .dataframe tbody tr th:only-of-type {\n",
       "        vertical-align: middle;\n",
       "    }\n",
       "\n",
       "    .dataframe tbody tr th {\n",
       "        vertical-align: top;\n",
       "    }\n",
       "\n",
       "    .dataframe thead th {\n",
       "        text-align: right;\n",
       "    }\n",
       "</style>\n",
       "<table border=\"1\" class=\"dataframe\">\n",
       "  <thead>\n",
       "    <tr style=\"text-align: right;\">\n",
       "      <th></th>\n",
       "      <th>marathon</th>\n",
       "      <th>xc</th>\n",
       "      <th>gravel</th>\n",
       "      <th>enduro</th>\n",
       "      <th>gravity</th>\n",
       "      <th>dirt</th>\n",
       "      <th>big_air</th>\n",
       "      <th>street</th>\n",
       "      <th>rennrad</th>\n",
       "      <th>bmx</th>\n",
       "      <th>rolle</th>\n",
       "    </tr>\n",
       "  </thead>\n",
       "  <tbody>\n",
       "    <tr>\n",
       "      <th>marathon</th>\n",
       "      <td>100</td>\n",
       "      <td>100</td>\n",
       "      <td>36</td>\n",
       "      <td>9</td>\n",
       "      <td>0</td>\n",
       "      <td>0</td>\n",
       "      <td>0</td>\n",
       "      <td>9</td>\n",
       "      <td>18</td>\n",
       "      <td>0</td>\n",
       "      <td>0</td>\n",
       "    </tr>\n",
       "    <tr>\n",
       "      <th>xc</th>\n",
       "      <td>37</td>\n",
       "      <td>100</td>\n",
       "      <td>27</td>\n",
       "      <td>24</td>\n",
       "      <td>0</td>\n",
       "      <td>0</td>\n",
       "      <td>0</td>\n",
       "      <td>13</td>\n",
       "      <td>24</td>\n",
       "      <td>0</td>\n",
       "      <td>6</td>\n",
       "    </tr>\n",
       "    <tr>\n",
       "      <th>gravel</th>\n",
       "      <td>28</td>\n",
       "      <td>57</td>\n",
       "      <td>100</td>\n",
       "      <td>28</td>\n",
       "      <td>14</td>\n",
       "      <td>7</td>\n",
       "      <td>0</td>\n",
       "      <td>14</td>\n",
       "      <td>35</td>\n",
       "      <td>7</td>\n",
       "      <td>14</td>\n",
       "    </tr>\n",
       "    <tr>\n",
       "      <th>enduro</th>\n",
       "      <td>3</td>\n",
       "      <td>21</td>\n",
       "      <td>12</td>\n",
       "      <td>100</td>\n",
       "      <td>36</td>\n",
       "      <td>12</td>\n",
       "      <td>0</td>\n",
       "      <td>12</td>\n",
       "      <td>12</td>\n",
       "      <td>3</td>\n",
       "      <td>6</td>\n",
       "    </tr>\n",
       "    <tr>\n",
       "      <th>gravity</th>\n",
       "      <td>0</td>\n",
       "      <td>0</td>\n",
       "      <td>14</td>\n",
       "      <td>85</td>\n",
       "      <td>100</td>\n",
       "      <td>21</td>\n",
       "      <td>7</td>\n",
       "      <td>21</td>\n",
       "      <td>14</td>\n",
       "      <td>7</td>\n",
       "      <td>7</td>\n",
       "    </tr>\n",
       "    <tr>\n",
       "      <th>dirt</th>\n",
       "      <td>0</td>\n",
       "      <td>0</td>\n",
       "      <td>25</td>\n",
       "      <td>100</td>\n",
       "      <td>75</td>\n",
       "      <td>100</td>\n",
       "      <td>0</td>\n",
       "      <td>75</td>\n",
       "      <td>25</td>\n",
       "      <td>0</td>\n",
       "      <td>25</td>\n",
       "    </tr>\n",
       "    <tr>\n",
       "      <th>big_air</th>\n",
       "      <td>0</td>\n",
       "      <td>0</td>\n",
       "      <td>0</td>\n",
       "      <td>0</td>\n",
       "      <td>100</td>\n",
       "      <td>0</td>\n",
       "      <td>100</td>\n",
       "      <td>0</td>\n",
       "      <td>0</td>\n",
       "      <td>0</td>\n",
       "      <td>0</td>\n",
       "    </tr>\n",
       "    <tr>\n",
       "      <th>street</th>\n",
       "      <td>14</td>\n",
       "      <td>57</td>\n",
       "      <td>28</td>\n",
       "      <td>57</td>\n",
       "      <td>42</td>\n",
       "      <td>42</td>\n",
       "      <td>0</td>\n",
       "      <td>100</td>\n",
       "      <td>57</td>\n",
       "      <td>0</td>\n",
       "      <td>14</td>\n",
       "    </tr>\n",
       "    <tr>\n",
       "      <th>rennrad</th>\n",
       "      <td>18</td>\n",
       "      <td>63</td>\n",
       "      <td>45</td>\n",
       "      <td>36</td>\n",
       "      <td>18</td>\n",
       "      <td>9</td>\n",
       "      <td>0</td>\n",
       "      <td>36</td>\n",
       "      <td>100</td>\n",
       "      <td>0</td>\n",
       "      <td>36</td>\n",
       "    </tr>\n",
       "    <tr>\n",
       "      <th>bmx</th>\n",
       "      <td>0</td>\n",
       "      <td>0</td>\n",
       "      <td>100</td>\n",
       "      <td>100</td>\n",
       "      <td>100</td>\n",
       "      <td>0</td>\n",
       "      <td>0</td>\n",
       "      <td>0</td>\n",
       "      <td>0</td>\n",
       "      <td>100</td>\n",
       "      <td>0</td>\n",
       "    </tr>\n",
       "    <tr>\n",
       "      <th>rolle</th>\n",
       "      <td>0</td>\n",
       "      <td>50</td>\n",
       "      <td>50</td>\n",
       "      <td>50</td>\n",
       "      <td>25</td>\n",
       "      <td>25</td>\n",
       "      <td>0</td>\n",
       "      <td>25</td>\n",
       "      <td>100</td>\n",
       "      <td>0</td>\n",
       "      <td>100</td>\n",
       "    </tr>\n",
       "  </tbody>\n",
       "</table>\n",
       "</div>"
      ],
      "text/plain": [
       "          marathon   xc  gravel  enduro  gravity  dirt  big_air  street  \\\n",
       "marathon       100  100      36       9        0     0        0       9   \n",
       "xc              37  100      27      24        0     0        0      13   \n",
       "gravel          28   57     100      28       14     7        0      14   \n",
       "enduro           3   21      12     100       36    12        0      12   \n",
       "gravity          0    0      14      85      100    21        7      21   \n",
       "dirt             0    0      25     100       75   100        0      75   \n",
       "big_air          0    0       0       0      100     0      100       0   \n",
       "street          14   57      28      57       42    42        0     100   \n",
       "rennrad         18   63      45      36       18     9        0      36   \n",
       "bmx              0    0     100     100      100     0        0       0   \n",
       "rolle            0   50      50      50       25    25        0      25   \n",
       "\n",
       "          rennrad  bmx  rolle  \n",
       "marathon       18    0      0  \n",
       "xc             24    0      6  \n",
       "gravel         35    7     14  \n",
       "enduro         12    3      6  \n",
       "gravity        14    7      7  \n",
       "dirt           25    0     25  \n",
       "big_air         0    0      0  \n",
       "street         57    0     14  \n",
       "rennrad       100    0     36  \n",
       "bmx             0  100      0  \n",
       "rolle         100    0    100  "
      ]
     },
     "execution_count": 11,
     "metadata": {},
     "output_type": "execute_result"
    }
   ],
   "source": [
    "cond_probs.mul(100).round(2).astype(np.int)"
   ]
  }
 ],
 "metadata": {
  "kernelspec": {
   "display_name": "Python 3",
   "language": "python",
   "name": "python3"
  },
  "language_info": {
   "codemirror_mode": {
    "name": "ipython",
    "version": 3
   },
   "file_extension": ".py",
   "mimetype": "text/x-python",
   "name": "python",
   "nbconvert_exporter": "python",
   "pygments_lexer": "ipython3",
   "version": "3.8.5"
  }
 },
 "nbformat": 4,
 "nbformat_minor": 4
}
