{
 "cells": [
  {
   "cell_type": "code",
   "execution_count": 1,
   "metadata": {},
   "outputs": [],
   "source": [
    "import pandas as pd\n",
    "from functools import reduce\n",
    "import numpy as np"
   ]
  },
  {
   "cell_type": "code",
   "execution_count": 2,
   "metadata": {},
   "outputs": [],
   "source": [
    "s_raw = \"\"\"marathon: Big_Jim 2nd_astronaut RidewiththeFlow südpfälzer All_mtn Spoon-man mogg AndySch dino113\n",
    "xc: Dirty Track Big_Jim A-Abraxas 2nd_astronaut RidewiththeFlow südpfälzer Diddo DeluXer Mr.Hahn rhnordpool All_mtn Tony- PanicMen Spoon-man mogg Mountain_4Life AndySch Schoenpflug stummerwinter Anferd Rubin HazelNoos dino113 Ritzelabzieher Daleo\n",
    "gravel: MikeyBaloooooza A-Abraxas RidewiththeFlow südpfälzer discordius jalgrattad Bene2405 Tony- TiCiLA AndySch stummerwinter dino113 Daleo\n",
    "enduro: Suicide loeffel MikeyBaloooooza mad_raven Duefi cxfahrer mäxx__ Walkerk EagleEye Drahtacus Preme Ghostrider72 x_FreiRider_x Lambutz DeluXer Mr.Hahn boescha All_mtn Bene2405 pointidani ElDiabolo666 Tony- ChaosSpeed31 Schoenpflug luisuet1 Anferd nanananaMADMAN k0p3 SwishSwushPow bikerniki\n",
    "DH: loeffel MikeyBaloooooza mad_raven mäxx__ EagleEye Votec Tox Drahtacus x_FreiRider_x Lambutz Zask06 Bene2405 ChaosSpeed31 k0p3 SwishSwushPow\n",
    "dirt: MikeyBaloooooza mad_raven mäxx__ nanananaMADMAN\n",
    "ba: Zask06\n",
    "street: MikeyBaloooooza mad_raven mäxx__ südpfälzer Mr.Hahn Rubin HazelNoos\n",
    "rr: MikeyBaloooooza A-Abraxas EagleEye südpfälzer discordius boescha AndySch Schoenpflug Rubin HazelNoos\n",
    "bmx: Bene2405\n",
    "rt: MikeyBaloooooza discordius Schoenpflug\"\"\""
   ]
  },
  {
   "cell_type": "code",
   "execution_count": 3,
   "metadata": {},
   "outputs": [],
   "source": [
    "s_arr = s_raw.lower().split('\\n')\n",
    "s_keys = list(map(lambda x: x.split(': ')[0], s_arr))\n",
    "s_val = list(map(lambda x: list(filter(bool, x.split(': ')[1].split(\" \"))), s_arr))"
   ]
  },
  {
   "cell_type": "code",
   "execution_count": 4,
   "metadata": {},
   "outputs": [],
   "source": [
    "lens = list(map(len, s_val))\n",
    "N = len(lens)\n",
    "unq, col = np.unique(np.concatenate(s_val),return_inverse=1)\n",
    "row = np.repeat(np.arange(N), lens)"
   ]
  },
  {
   "cell_type": "code",
   "execution_count": 5,
   "metadata": {},
   "outputs": [],
   "source": [
    "out = np.zeros((N,len(unq)),dtype=int)\n",
    "out[row,col] = 1"
   ]
  },
  {
   "cell_type": "code",
   "execution_count": 6,
   "metadata": {},
   "outputs": [],
   "source": [
    "df = pd.DataFrame(out, columns=unq, index=s_keys).transpose()"
   ]
  },
  {
   "cell_type": "code",
   "execution_count": 7,
   "metadata": {},
   "outputs": [
    {
     "data": {
      "text/html": [
       "<div>\n",
       "<style scoped>\n",
       "    .dataframe tbody tr th:only-of-type {\n",
       "        vertical-align: middle;\n",
       "    }\n",
       "\n",
       "    .dataframe tbody tr th {\n",
       "        vertical-align: top;\n",
       "    }\n",
       "\n",
       "    .dataframe thead th {\n",
       "        text-align: right;\n",
       "    }\n",
       "</style>\n",
       "<table border=\"1\" class=\"dataframe\">\n",
       "  <thead>\n",
       "    <tr style=\"text-align: right;\">\n",
       "      <th></th>\n",
       "      <th>marathon</th>\n",
       "      <th>xc</th>\n",
       "      <th>gravel</th>\n",
       "      <th>enduro</th>\n",
       "      <th>dh</th>\n",
       "      <th>dirt</th>\n",
       "      <th>ba</th>\n",
       "      <th>street</th>\n",
       "      <th>rr</th>\n",
       "      <th>bmx</th>\n",
       "      <th>rt</th>\n",
       "    </tr>\n",
       "  </thead>\n",
       "  <tbody>\n",
       "    <tr>\n",
       "      <th>marathon</th>\n",
       "      <td>1.000000</td>\n",
       "      <td>0.470052</td>\n",
       "      <td>0.220043</td>\n",
       "      <td>-0.372560</td>\n",
       "      <td>-0.264683</td>\n",
       "      <td>-0.121367</td>\n",
       "      <td>-0.059005</td>\n",
       "      <td>-0.018377</td>\n",
       "      <td>0.049874</td>\n",
       "      <td>-0.059005</td>\n",
       "      <td>-0.104111</td>\n",
       "    </tr>\n",
       "    <tr>\n",
       "      <th>xc</th>\n",
       "      <td>0.470052</td>\n",
       "      <td>1.000000</td>\n",
       "      <td>0.166586</td>\n",
       "      <td>-0.569231</td>\n",
       "      <td>-0.563093</td>\n",
       "      <td>-0.258199</td>\n",
       "      <td>-0.125529</td>\n",
       "      <td>0.081200</td>\n",
       "      <td>0.126878</td>\n",
       "      <td>-0.125529</td>\n",
       "      <td>-0.062471</td>\n",
       "    </tr>\n",
       "    <tr>\n",
       "      <th>gravel</th>\n",
       "      <td>0.220043</td>\n",
       "      <td>0.166586</td>\n",
       "      <td>1.000000</td>\n",
       "      <td>-0.336202</td>\n",
       "      <td>-0.141558</td>\n",
       "      <td>0.011731</td>\n",
       "      <td>-0.074141</td>\n",
       "      <td>0.047959</td>\n",
       "      <td>0.295806</td>\n",
       "      <td>0.245234</td>\n",
       "      <td>0.244860</td>\n",
       "    </tr>\n",
       "    <tr>\n",
       "      <th>enduro</th>\n",
       "      <td>-0.372560</td>\n",
       "      <td>-0.569231</td>\n",
       "      <td>-0.336202</td>\n",
       "      <td>1.000000</td>\n",
       "      <td>0.320530</td>\n",
       "      <td>0.258199</td>\n",
       "      <td>-0.144841</td>\n",
       "      <td>0.027067</td>\n",
       "      <td>-0.126878</td>\n",
       "      <td>0.125529</td>\n",
       "      <td>0.062471</td>\n",
       "    </tr>\n",
       "    <tr>\n",
       "      <th>dh</th>\n",
       "      <td>-0.264683</td>\n",
       "      <td>-0.563093</td>\n",
       "      <td>-0.141558</td>\n",
       "      <td>0.320530</td>\n",
       "      <td>1.000000</td>\n",
       "      <td>0.301964</td>\n",
       "      <td>0.222928</td>\n",
       "      <td>0.137169</td>\n",
       "      <td>-0.071444</td>\n",
       "      <td>0.222928</td>\n",
       "      <td>0.035177</td>\n",
       "    </tr>\n",
       "    <tr>\n",
       "      <th>dirt</th>\n",
       "      <td>-0.121367</td>\n",
       "      <td>-0.258199</td>\n",
       "      <td>0.011731</td>\n",
       "      <td>0.258199</td>\n",
       "      <td>0.301964</td>\n",
       "      <td>1.000000</td>\n",
       "      <td>-0.037398</td>\n",
       "      <td>0.524142</td>\n",
       "      <td>0.051726</td>\n",
       "      <td>-0.037398</td>\n",
       "      <td>0.241948</td>\n",
       "    </tr>\n",
       "    <tr>\n",
       "      <th>ba</th>\n",
       "      <td>-0.059005</td>\n",
       "      <td>-0.125529</td>\n",
       "      <td>-0.074141</td>\n",
       "      <td>-0.144841</td>\n",
       "      <td>0.222928</td>\n",
       "      <td>-0.037398</td>\n",
       "      <td>1.000000</td>\n",
       "      <td>-0.050965</td>\n",
       "      <td>-0.062869</td>\n",
       "      <td>-0.018182</td>\n",
       "      <td>-0.032081</td>\n",
       "    </tr>\n",
       "    <tr>\n",
       "      <th>street</th>\n",
       "      <td>-0.018377</td>\n",
       "      <td>0.081200</td>\n",
       "      <td>0.047959</td>\n",
       "      <td>0.027067</td>\n",
       "      <td>0.137169</td>\n",
       "      <td>0.524142</td>\n",
       "      <td>-0.050965</td>\n",
       "      <td>1.000000</td>\n",
       "      <td>0.387699</td>\n",
       "      <td>-0.050965</td>\n",
       "      <td>0.149873</td>\n",
       "    </tr>\n",
       "    <tr>\n",
       "      <th>rr</th>\n",
       "      <td>0.049874</td>\n",
       "      <td>0.126878</td>\n",
       "      <td>0.295806</td>\n",
       "      <td>-0.126878</td>\n",
       "      <td>-0.071444</td>\n",
       "      <td>0.051726</td>\n",
       "      <td>-0.062869</td>\n",
       "      <td>0.387699</td>\n",
       "      <td>1.000000</td>\n",
       "      <td>-0.062869</td>\n",
       "      <td>0.510272</td>\n",
       "    </tr>\n",
       "    <tr>\n",
       "      <th>bmx</th>\n",
       "      <td>-0.059005</td>\n",
       "      <td>-0.125529</td>\n",
       "      <td>0.245234</td>\n",
       "      <td>0.125529</td>\n",
       "      <td>0.222928</td>\n",
       "      <td>-0.037398</td>\n",
       "      <td>-0.018182</td>\n",
       "      <td>-0.050965</td>\n",
       "      <td>-0.062869</td>\n",
       "      <td>1.000000</td>\n",
       "      <td>-0.032081</td>\n",
       "    </tr>\n",
       "    <tr>\n",
       "      <th>rt</th>\n",
       "      <td>-0.104111</td>\n",
       "      <td>-0.062471</td>\n",
       "      <td>0.244860</td>\n",
       "      <td>0.062471</td>\n",
       "      <td>0.035177</td>\n",
       "      <td>0.241948</td>\n",
       "      <td>-0.032081</td>\n",
       "      <td>0.149873</td>\n",
       "      <td>0.510272</td>\n",
       "      <td>-0.032081</td>\n",
       "      <td>1.000000</td>\n",
       "    </tr>\n",
       "  </tbody>\n",
       "</table>\n",
       "</div>"
      ],
      "text/plain": [
       "          marathon        xc    gravel    enduro        dh      dirt  \\\n",
       "marathon  1.000000  0.470052  0.220043 -0.372560 -0.264683 -0.121367   \n",
       "xc        0.470052  1.000000  0.166586 -0.569231 -0.563093 -0.258199   \n",
       "gravel    0.220043  0.166586  1.000000 -0.336202 -0.141558  0.011731   \n",
       "enduro   -0.372560 -0.569231 -0.336202  1.000000  0.320530  0.258199   \n",
       "dh       -0.264683 -0.563093 -0.141558  0.320530  1.000000  0.301964   \n",
       "dirt     -0.121367 -0.258199  0.011731  0.258199  0.301964  1.000000   \n",
       "ba       -0.059005 -0.125529 -0.074141 -0.144841  0.222928 -0.037398   \n",
       "street   -0.018377  0.081200  0.047959  0.027067  0.137169  0.524142   \n",
       "rr        0.049874  0.126878  0.295806 -0.126878 -0.071444  0.051726   \n",
       "bmx      -0.059005 -0.125529  0.245234  0.125529  0.222928 -0.037398   \n",
       "rt       -0.104111 -0.062471  0.244860  0.062471  0.035177  0.241948   \n",
       "\n",
       "                ba    street        rr       bmx        rt  \n",
       "marathon -0.059005 -0.018377  0.049874 -0.059005 -0.104111  \n",
       "xc       -0.125529  0.081200  0.126878 -0.125529 -0.062471  \n",
       "gravel   -0.074141  0.047959  0.295806  0.245234  0.244860  \n",
       "enduro   -0.144841  0.027067 -0.126878  0.125529  0.062471  \n",
       "dh        0.222928  0.137169 -0.071444  0.222928  0.035177  \n",
       "dirt     -0.037398  0.524142  0.051726 -0.037398  0.241948  \n",
       "ba        1.000000 -0.050965 -0.062869 -0.018182 -0.032081  \n",
       "street   -0.050965  1.000000  0.387699 -0.050965  0.149873  \n",
       "rr       -0.062869  0.387699  1.000000 -0.062869  0.510272  \n",
       "bmx      -0.018182 -0.050965 -0.062869  1.000000 -0.032081  \n",
       "rt       -0.032081  0.149873  0.510272 -0.032081  1.000000  "
      ]
     },
     "execution_count": 7,
     "metadata": {},
     "output_type": "execute_result"
    }
   ],
   "source": [
    "df.corr()"
   ]
  },
  {
   "cell_type": "code",
   "execution_count": 8,
   "metadata": {},
   "outputs": [],
   "source": [
    "def cond_prob(df, col_idx):\n",
    "    col = df.iloc[:, col_idx]\n",
    "    col_total = col.sum()\n",
    "    cond_values = df.transpose().mul(col.values).transpose().sum()\n",
    "    probs = cond_values / col_total\n",
    "    return probs"
   ]
  },
  {
   "cell_type": "code",
   "execution_count": 9,
   "metadata": {},
   "outputs": [],
   "source": [
    "cols = df.shape[1]"
   ]
  },
  {
   "cell_type": "code",
   "execution_count": 10,
   "metadata": {},
   "outputs": [
    {
     "data": {
      "text/html": [
       "<div>\n",
       "<style scoped>\n",
       "    .dataframe tbody tr th:only-of-type {\n",
       "        vertical-align: middle;\n",
       "    }\n",
       "\n",
       "    .dataframe tbody tr th {\n",
       "        vertical-align: top;\n",
       "    }\n",
       "\n",
       "    .dataframe thead th {\n",
       "        text-align: right;\n",
       "    }\n",
       "</style>\n",
       "<table border=\"1\" class=\"dataframe\">\n",
       "  <thead>\n",
       "    <tr style=\"text-align: right;\">\n",
       "      <th></th>\n",
       "      <th>marathon</th>\n",
       "      <th>xc</th>\n",
       "      <th>gravel</th>\n",
       "      <th>enduro</th>\n",
       "      <th>dh</th>\n",
       "      <th>dirt</th>\n",
       "      <th>ba</th>\n",
       "      <th>street</th>\n",
       "      <th>rr</th>\n",
       "      <th>bmx</th>\n",
       "      <th>rt</th>\n",
       "    </tr>\n",
       "  </thead>\n",
       "  <tbody>\n",
       "    <tr>\n",
       "      <th>marathon</th>\n",
       "      <td>1.000000</td>\n",
       "      <td>1.000000</td>\n",
       "      <td>0.444444</td>\n",
       "      <td>0.111111</td>\n",
       "      <td>0.000000</td>\n",
       "      <td>0.000000</td>\n",
       "      <td>0.000000</td>\n",
       "      <td>0.111111</td>\n",
       "      <td>0.222222</td>\n",
       "      <td>0.000000</td>\n",
       "      <td>0.000000</td>\n",
       "    </tr>\n",
       "    <tr>\n",
       "      <th>xc</th>\n",
       "      <td>0.346154</td>\n",
       "      <td>1.000000</td>\n",
       "      <td>0.307692</td>\n",
       "      <td>0.230769</td>\n",
       "      <td>0.000000</td>\n",
       "      <td>0.000000</td>\n",
       "      <td>0.000000</td>\n",
       "      <td>0.153846</td>\n",
       "      <td>0.230769</td>\n",
       "      <td>0.000000</td>\n",
       "      <td>0.038462</td>\n",
       "    </tr>\n",
       "    <tr>\n",
       "      <th>gravel</th>\n",
       "      <td>0.307692</td>\n",
       "      <td>0.615385</td>\n",
       "      <td>1.000000</td>\n",
       "      <td>0.230769</td>\n",
       "      <td>0.153846</td>\n",
       "      <td>0.076923</td>\n",
       "      <td>0.000000</td>\n",
       "      <td>0.153846</td>\n",
       "      <td>0.384615</td>\n",
       "      <td>0.076923</td>\n",
       "      <td>0.153846</td>\n",
       "    </tr>\n",
       "    <tr>\n",
       "      <th>enduro</th>\n",
       "      <td>0.033333</td>\n",
       "      <td>0.200000</td>\n",
       "      <td>0.100000</td>\n",
       "      <td>1.000000</td>\n",
       "      <td>0.400000</td>\n",
       "      <td>0.133333</td>\n",
       "      <td>0.000000</td>\n",
       "      <td>0.133333</td>\n",
       "      <td>0.133333</td>\n",
       "      <td>0.033333</td>\n",
       "      <td>0.066667</td>\n",
       "    </tr>\n",
       "    <tr>\n",
       "      <th>dh</th>\n",
       "      <td>0.000000</td>\n",
       "      <td>0.000000</td>\n",
       "      <td>0.133333</td>\n",
       "      <td>0.800000</td>\n",
       "      <td>1.000000</td>\n",
       "      <td>0.200000</td>\n",
       "      <td>0.066667</td>\n",
       "      <td>0.200000</td>\n",
       "      <td>0.133333</td>\n",
       "      <td>0.066667</td>\n",
       "      <td>0.066667</td>\n",
       "    </tr>\n",
       "    <tr>\n",
       "      <th>dirt</th>\n",
       "      <td>0.000000</td>\n",
       "      <td>0.000000</td>\n",
       "      <td>0.250000</td>\n",
       "      <td>1.000000</td>\n",
       "      <td>0.750000</td>\n",
       "      <td>1.000000</td>\n",
       "      <td>0.000000</td>\n",
       "      <td>0.750000</td>\n",
       "      <td>0.250000</td>\n",
       "      <td>0.000000</td>\n",
       "      <td>0.250000</td>\n",
       "    </tr>\n",
       "    <tr>\n",
       "      <th>ba</th>\n",
       "      <td>0.000000</td>\n",
       "      <td>0.000000</td>\n",
       "      <td>0.000000</td>\n",
       "      <td>0.000000</td>\n",
       "      <td>1.000000</td>\n",
       "      <td>0.000000</td>\n",
       "      <td>1.000000</td>\n",
       "      <td>0.000000</td>\n",
       "      <td>0.000000</td>\n",
       "      <td>0.000000</td>\n",
       "      <td>0.000000</td>\n",
       "    </tr>\n",
       "    <tr>\n",
       "      <th>street</th>\n",
       "      <td>0.142857</td>\n",
       "      <td>0.571429</td>\n",
       "      <td>0.285714</td>\n",
       "      <td>0.571429</td>\n",
       "      <td>0.428571</td>\n",
       "      <td>0.428571</td>\n",
       "      <td>0.000000</td>\n",
       "      <td>1.000000</td>\n",
       "      <td>0.571429</td>\n",
       "      <td>0.000000</td>\n",
       "      <td>0.142857</td>\n",
       "    </tr>\n",
       "    <tr>\n",
       "      <th>rr</th>\n",
       "      <td>0.200000</td>\n",
       "      <td>0.600000</td>\n",
       "      <td>0.500000</td>\n",
       "      <td>0.400000</td>\n",
       "      <td>0.200000</td>\n",
       "      <td>0.100000</td>\n",
       "      <td>0.000000</td>\n",
       "      <td>0.400000</td>\n",
       "      <td>1.000000</td>\n",
       "      <td>0.000000</td>\n",
       "      <td>0.300000</td>\n",
       "    </tr>\n",
       "    <tr>\n",
       "      <th>bmx</th>\n",
       "      <td>0.000000</td>\n",
       "      <td>0.000000</td>\n",
       "      <td>1.000000</td>\n",
       "      <td>1.000000</td>\n",
       "      <td>1.000000</td>\n",
       "      <td>0.000000</td>\n",
       "      <td>0.000000</td>\n",
       "      <td>0.000000</td>\n",
       "      <td>0.000000</td>\n",
       "      <td>1.000000</td>\n",
       "      <td>0.000000</td>\n",
       "    </tr>\n",
       "    <tr>\n",
       "      <th>rt</th>\n",
       "      <td>0.000000</td>\n",
       "      <td>0.333333</td>\n",
       "      <td>0.666667</td>\n",
       "      <td>0.666667</td>\n",
       "      <td>0.333333</td>\n",
       "      <td>0.333333</td>\n",
       "      <td>0.000000</td>\n",
       "      <td>0.333333</td>\n",
       "      <td>1.000000</td>\n",
       "      <td>0.000000</td>\n",
       "      <td>1.000000</td>\n",
       "    </tr>\n",
       "  </tbody>\n",
       "</table>\n",
       "</div>"
      ],
      "text/plain": [
       "          marathon        xc    gravel    enduro        dh      dirt  \\\n",
       "marathon  1.000000  1.000000  0.444444  0.111111  0.000000  0.000000   \n",
       "xc        0.346154  1.000000  0.307692  0.230769  0.000000  0.000000   \n",
       "gravel    0.307692  0.615385  1.000000  0.230769  0.153846  0.076923   \n",
       "enduro    0.033333  0.200000  0.100000  1.000000  0.400000  0.133333   \n",
       "dh        0.000000  0.000000  0.133333  0.800000  1.000000  0.200000   \n",
       "dirt      0.000000  0.000000  0.250000  1.000000  0.750000  1.000000   \n",
       "ba        0.000000  0.000000  0.000000  0.000000  1.000000  0.000000   \n",
       "street    0.142857  0.571429  0.285714  0.571429  0.428571  0.428571   \n",
       "rr        0.200000  0.600000  0.500000  0.400000  0.200000  0.100000   \n",
       "bmx       0.000000  0.000000  1.000000  1.000000  1.000000  0.000000   \n",
       "rt        0.000000  0.333333  0.666667  0.666667  0.333333  0.333333   \n",
       "\n",
       "                ba    street        rr       bmx        rt  \n",
       "marathon  0.000000  0.111111  0.222222  0.000000  0.000000  \n",
       "xc        0.000000  0.153846  0.230769  0.000000  0.038462  \n",
       "gravel    0.000000  0.153846  0.384615  0.076923  0.153846  \n",
       "enduro    0.000000  0.133333  0.133333  0.033333  0.066667  \n",
       "dh        0.066667  0.200000  0.133333  0.066667  0.066667  \n",
       "dirt      0.000000  0.750000  0.250000  0.000000  0.250000  \n",
       "ba        1.000000  0.000000  0.000000  0.000000  0.000000  \n",
       "street    0.000000  1.000000  0.571429  0.000000  0.142857  \n",
       "rr        0.000000  0.400000  1.000000  0.000000  0.300000  \n",
       "bmx       0.000000  0.000000  0.000000  1.000000  0.000000  \n",
       "rt        0.000000  0.333333  1.000000  0.000000  1.000000  "
      ]
     },
     "execution_count": 10,
     "metadata": {},
     "output_type": "execute_result"
    }
   ],
   "source": [
    "cond_probs = pd.DataFrame([cond_prob(df, idx) for idx in range(cols)], columns=df.transpose().index, index=df.transpose().index)\n",
    "cond_probs"
   ]
  },
  {
   "cell_type": "code",
   "execution_count": null,
   "metadata": {},
   "outputs": [],
   "source": []
  }
 ],
 "metadata": {
  "kernelspec": {
   "display_name": "Python 3",
   "language": "python",
   "name": "python3"
  },
  "language_info": {
   "codemirror_mode": {
    "name": "ipython",
    "version": 3
   },
   "file_extension": ".py",
   "mimetype": "text/x-python",
   "name": "python",
   "nbconvert_exporter": "python",
   "pygments_lexer": "ipython3",
   "version": "3.8.5"
  }
 },
 "nbformat": 4,
 "nbformat_minor": 4
}
